// animationInstructions
//
// There could be a better way to do this, but when all you have is text... 
// what are you going to do?

// FORMAT:
// <item name>:
// [frame] [image] [x] [y] [width] [height] [(float)alpha]

menu_yoshi:
0 0 173 102 68 96 1.0
20 0 173 95 68 96 1.0
35 0 173 100 68 96 1.0
40 0 173 102 68 96 1.0

menu_yoshiShadow:
0 0 194 209 28 7 1.0
21 1 194 209 28 7 1.0
41 0 194 209 28 7 1.0

menu_speechWindow:
0 0 161 49 92 51 1.0
20 0 161 43 92 51 1.0
35 0 161 46 92 51 1.0
40 0 161 49 92 51 1.0

menu_top:
0 0 32 47 103 87 1.0
1 1 32 47 103 82 1.0
2 2 32 47 103 77 1.0
3 3 32 47 103 72 1.0
4 4 32 47 103 67 1.0
5 5 32 47 103 62 1.0
6 6 32 47 103 57 1.0
7 7 32 47 103 52 1.0
8 8 32 47 103 47 1.0
9 9 32 47 103 42 1.0
10 10 32 47 103 37 1.0
11 11 32 47 103 32 1.0
12 12 32 47 103 27 1.0
13 13 32 47 103 22 1.0

menu_top_slide:
0 13 0 0 103 22 1.0
16 13 32 47 103 22 1.0

button_slide:
0 0 0 0 92 12 1.0
16 0 38 53 92 12 1.0

1playergame:
0 0 38 53 92 12 1.0
4 1 38 53 92 12 1.0
8 0 38 53 92 12 0.0

2playergame:
0 0 38 69 92 12 1.0
4 1 38 69 92 12 1.0
8 0 38 69 92 12 0.0

howtoplay:
0 0 38 85 92 12 1.0
4 1 38 85 92 12 1.0
8 0 38 85 92 12 0.0

howtoimprove:
0 0 38 101 92 12 1.0
4 1 38 101 92 12 1.0
8 0 38 101 92 12 0.0

option:
0 0 38 117 92 12 1.0
4 1 38 117 92 12 1.0
8 0 38 117 92 12 0.0

// GAMEPLAY ANIMATIONS

square_slide:
0 1 0 0 16 16 1.0
4 1 0 0 16 16 1.0

square_drop:
0 1 0 0 16 16 1.0
1 1 0 0 16 16 1.0

// 0.5 seconds for flashing @ 60 fps = 30 frames
square_flashing:
0 1 0 0 16 16 1.0
2 2 0 0 16 16 1.0
4 1 0 0 16 16 1.0
6 2 0 0 16 16 1.0
8 1 0 0 16 16 1.0
10 2 0 0 16 16 1.0
12 1 0 0 16 16 1.0
14 2 0 0 16 16 1.0
16 1 0 0 16 16 1.0
18 2 0 0 16 16 1.0
20 1 0 0 16 16 1.0
22 2 0 0 16 16 1.0
24 1 0 0 16 16 1.0
26 2 0 0 16 16 1.0
28 1 0 0 16 16 1.0
30 2 0 0 16 16 1.0
32 1 0 0 16 16 1.0
34 2 0 0 16 16 1.0
36 1 0 0 16 16 1.0
37 3 0 0 16 16 1.0
56 3 0 0 16 16 0.0

square_jumping:
0 1 
6 5
12 6
18 5 
24 1
30 4
35 4

//square_jumping:
0 1 0 0 16 16 1.0
3 4 0 0 16 16 1.0
6 5 0 0 16 16 1.0
9 4 0 0 16 16 1.0
12 1 0 0 16 16 1.0
15 6 0 0 16 16 1.0
17 6 0 0 16 16 1.0

garbageHit:
0 0 0 0 16 16 1.0
2 1 0 0 16 16 1.0
4 0 0 0 16 16 1.0
6 1 0 0 16 16 1.0
8 0 0 0 16 16 1.0
10 1 0 0 16 16 1.0
12 0 0 0 16 16 1.0
14 1 0 0 16 16 1.0
16 0 0 0 16 16 1.0
18 1 0 0 16 16 1.0
20 0 0 0 16 16 1.0
22 1 0 0 16 16 1.0
24 0 0 0 16 16 1.0
26 1 0 0 16 16 1.0
28 0 0 0 16 16 1.0
30 1 0 0 16 16 1.0
32 0 0 0 16 16 1.0
34 1 0 0 16 16 1.0
36 0 0 0 16 16 1.0
79 0 0 0 16 16 1.0

disappearingBlock:
0 0 0 0 44 38 1.0
2 1 0 0 44 38 1.0
4 2 0 0 44 38 1.0
6 3 0 0 44 38 1.0
8 4 0 0 44 38 1.0
10 5 0 0 44 38 1.0
12 6 0 0 44 38 1.0
14 7 0 0 44 38 1.0
16 8 0 0 44 38 1.0
18 9 0 0 44 38 1.0
20 10 0 0 44 38 1.0
22 11 0 0 44 38 1.0
23 11 0 0 44 38 0.0

// Last frame is a dummy frame for spiral combo generation.
comboBox:
0 0 0 0 16 15 1.0
41 0 0 0 16 15 1.0
42 0 0 0 16 15 0.0
43 0 0 0 16 15 0.0

eggCombo:
0 0 0 0 194 213 1.0
3 1 0 0 194 213 1.0
6 2 0 0 194 213 1.0
9 3 0 0 194 213 1.0
12 4 0 0 194 213 1.0
15 5 0 0 194 213 1.0
18 6 0 0 194 213 1.0
21 7 0 0 194 213 1.0
24 8 0 0 194 213 1.0
27 9 0 0 194 213 1.0
30 10 0 0 194 213 1.0
33 11 0 0 194 213 1.0
36 12 0 0 194 213 1.0
39 13 0 0 194 213 1.0
42 13 0 0 194 213 0.0

attackEgg:
42 0 0 0 16 16 1.0
99 0 0 0 16 16 1.0
100 0 0 0 16 16 0.0